DATE,DJIA
2008-02-06,12200.10
2008-02-07,12247.00
2008-02-08,12182.13
2008-02-11,12240.01
2008-02-12,12373.41
2008-02-13,12552.24
2008-02-14,12376.98
2008-02-15,12348.21
2008-02-18,.
2008-02-19,12337.22
2008-02-20,12427.26
2008-02-21,12284.30
2008-02-22,12381.02
2008-02-25,12570.22
2008-02-26,12684.92
2008-02-27,12694.28
2008-02-28,12582.18
2008-02-29,12266.39
2008-03-03,12258.90
2008-03-04,12213.80
2008-03-05,12254.99
2008-03-06,12040.39
2008-03-07,11893.69
2008-03-10,11740.15
2008-03-11,12156.81
2008-03-12,12110.24
2008-03-13,12145.74
2008-03-14,11951.09
2008-03-17,11972.25
2008-03-18,12392.66
2008-03-19,12099.66
2008-03-20,12361.32
2008-03-21,.
2008-03-24,12548.64
2008-03-25,12532.60
2008-03-26,12422.86
2008-03-27,12302.46
2008-03-28,12216.40
2008-03-31,12262.89
2008-04-01,12654.36
2008-04-02,12605.83
2008-04-03,12626.03
2008-04-04,12609.42
2008-04-07,12612.43
2008-04-08,12576.44
2008-04-09,12527.26
2008-04-10,12581.98
2008-04-11,12325.42
2008-04-14,12302.06
2008-04-15,12362.47
2008-04-16,12619.27
2008-04-17,12620.49
2008-04-18,12849.36
2008-04-21,12825.02
2008-04-22,12720.23
2008-04-23,12763.22
2008-04-24,12848.95
2008-04-25,12891.86
2008-04-28,12871.75
2008-04-29,12831.94
2008-04-30,12820.13
2008-05-01,13010.00
2008-05-02,13058.20
2008-05-05,12969.54
2008-05-06,13020.83
2008-05-07,12814.35
2008-05-08,12866.78
2008-05-09,12745.88
2008-05-12,12876.31
2008-05-13,12832.18
2008-05-14,12898.38
2008-05-15,12992.66
2008-05-16,12986.80
2008-05-19,13028.16
2008-05-20,12828.68
2008-05-21,12601.19
2008-05-22,12625.62
2008-05-23,12479.63
2008-05-26,.
2008-05-27,12548.35
2008-05-28,12594.03
2008-05-29,12646.22
2008-05-30,12638.32
2008-06-02,12503.82
2008-06-03,12402.85
2008-06-04,12390.48
2008-06-05,12604.45
2008-06-06,12209.81
2008-06-09,12280.32
2008-06-10,12289.76
2008-06-11,12083.77
2008-06-12,12141.58
2008-06-13,12307.35
2008-06-16,12269.08
2008-06-17,12160.30
2008-06-18,12029.06
2008-06-19,12063.09
2008-06-20,11842.69
2008-06-23,11842.36
2008-06-24,11807.43
2008-06-25,11811.83
2008-06-26,11453.42
2008-06-27,11346.51
2008-06-30,11350.01
2008-07-01,11382.26
2008-07-02,11215.51
2008-07-03,11288.54
2008-07-04,.
2008-07-07,11231.96
2008-07-08,11384.21
2008-07-09,11147.44
2008-07-10,11229.02
2008-07-11,11100.54
2008-07-14,11055.19
2008-07-15,10962.54
2008-07-16,11239.28
2008-07-17,11446.66
2008-07-18,11496.57
2008-07-21,11467.34
2008-07-22,11602.50
2008-07-23,11632.38
2008-07-24,11349.28
2008-07-25,11370.69
2008-07-28,11131.08
2008-07-29,11397.56
2008-07-30,11583.69
2008-07-31,11378.02
2008-08-01,11326.32
2008-08-04,11284.15
2008-08-05,11615.77
2008-08-06,11656.07
2008-08-07,11431.43
2008-08-08,11734.32
2008-08-11,11782.35
2008-08-12,11642.47
2008-08-13,11532.96
2008-08-14,11615.93
2008-08-15,11659.90
2008-08-18,11479.39
2008-08-19,11348.55
2008-08-20,11417.43
2008-08-21,11430.21
2008-08-22,11628.06
2008-08-25,11386.25
2008-08-26,11412.87
2008-08-27,11502.51
2008-08-28,11715.18
2008-08-29,11543.55
2008-09-01,.
2008-09-02,11516.92
2008-09-03,11532.88
2008-09-04,11188.23
2008-09-05,11220.96
2008-09-08,11510.74
2008-09-09,11230.73
2008-09-10,11268.92
2008-09-11,11433.71
2008-09-12,11421.99
2008-09-15,10917.51
2008-09-16,11059.02
2008-09-17,10609.66
2008-09-18,11019.69
2008-09-19,11388.44
2008-09-22,11015.69
2008-09-23,10854.17
2008-09-24,10825.17
2008-09-25,11022.06
2008-09-26,11143.13
2008-09-29,10365.45
2008-09-30,10850.66
2008-10-01,10831.07
2008-10-02,10482.85
2008-10-03,10325.38
2008-10-06,9955.50
2008-10-07,9447.11
2008-10-08,9258.10
2008-10-09,8579.19
2008-10-10,8451.19
2008-10-13,9387.61
2008-10-14,9310.99
2008-10-15,8577.91
2008-10-16,8979.26
2008-10-17,8852.22
2008-10-20,9265.43
2008-10-21,9033.66
2008-10-22,8519.21
2008-10-23,8691.25
2008-10-24,8378.95
2008-10-27,8175.77
2008-10-28,9065.12
2008-10-29,8990.96
2008-10-30,9180.69
2008-10-31,9325.01
2008-11-03,9319.83
2008-11-04,9625.28
2008-11-05,9139.27
2008-11-06,8695.79
2008-11-07,8943.81
2008-11-10,8870.54
2008-11-11,8693.96
2008-11-12,8282.66
2008-11-13,8835.25
2008-11-14,8497.31
2008-11-17,8273.58
2008-11-18,8424.75
2008-11-19,7997.28
2008-11-20,7552.29
2008-11-21,8046.42
2008-11-24,8443.39
2008-11-25,8479.47
2008-11-26,8726.61
2008-11-27,.
2008-11-28,8829.04
2008-12-01,8149.09
2008-12-02,8419.09
2008-12-03,8591.69
2008-12-04,8376.24
2008-12-05,8635.42
2008-12-08,8934.18
2008-12-09,8691.33
2008-12-10,8761.42
2008-12-11,8565.09
2008-12-12,8629.68
2008-12-15,8564.53
2008-12-16,8924.14
2008-12-17,8824.34
2008-12-18,8604.99
2008-12-19,8579.11
2008-12-22,8519.77
2008-12-23,8419.49
2008-12-24,8468.48
2008-12-25,.
2008-12-26,8515.55
2008-12-29,8483.93
2008-12-30,8668.39
2008-12-31,8776.39
2009-01-01,.
2009-01-02,9034.69
2009-01-05,8952.89
2009-01-06,9015.10
2009-01-07,8769.70
2009-01-08,8742.46
2009-01-09,8599.18
2009-01-12,8473.97
2009-01-13,8448.56
2009-01-14,8200.14
2009-01-15,8212.49
2009-01-16,8281.22
2009-01-19,.
2009-01-20,7949.09
2009-01-21,8228.10
2009-01-22,8122.80
2009-01-23,8077.56
2009-01-26,8116.03
2009-01-27,8174.73
2009-01-28,8375.45
2009-01-29,8149.01
2009-01-30,8000.86
2009-02-02,7936.83
2009-02-03,8078.36
2009-02-04,7956.66
2009-02-05,8063.07
2009-02-06,8280.59
2009-02-09,8270.87
2009-02-10,7888.88
2009-02-11,7939.53
2009-02-12,7932.76
2009-02-13,7850.41
2009-02-16,.
2009-02-17,7552.60
2009-02-18,7555.63
2009-02-19,7465.95
2009-02-20,7365.67
2009-02-23,7114.78
2009-02-24,7350.94
2009-02-25,7270.89
2009-02-26,7182.08
2009-02-27,7062.93
2009-03-02,6763.29
2009-03-03,6726.02
2009-03-04,6875.84
2009-03-05,6594.44
2009-03-06,6626.94
2009-03-09,6547.05
2009-03-10,6926.49
2009-03-11,6930.40
2009-03-12,7170.06
2009-03-13,7223.98
2009-03-16,7216.97
2009-03-17,7395.70
2009-03-18,7486.58
2009-03-19,7400.80
2009-03-20,7278.38
2009-03-23,7775.86
2009-03-24,7659.97
2009-03-25,7749.81
2009-03-26,7924.56
2009-03-27,7776.18
2009-03-30,7522.02
2009-03-31,7608.92
2009-04-01,7761.60
2009-04-02,7978.08
2009-04-03,8017.59
2009-04-06,7975.85
2009-04-07,7789.56
2009-04-08,7837.11
2009-04-09,8083.38
2009-04-10,.
2009-04-13,8057.81
2009-04-14,7920.18
2009-04-15,8029.62
2009-04-16,8125.43
2009-04-17,8131.33
2009-04-20,7841.73
2009-04-21,7969.56
2009-04-22,7886.57
2009-04-23,7957.06
2009-04-24,8076.29
2009-04-27,8025.00
2009-04-28,8016.95
2009-04-29,8185.73
2009-04-30,8168.12
2009-05-01,8212.41
2009-05-04,8426.74
2009-05-05,8410.65
2009-05-06,8512.28
2009-05-07,8409.85
2009-05-08,8574.65
2009-05-11,8418.77
2009-05-12,8469.11
2009-05-13,8284.89
2009-05-14,8331.32
2009-05-15,8268.64
2009-05-18,8504.08
2009-05-19,8474.85
2009-05-20,8422.04
2009-05-21,8292.13
2009-05-22,8277.32
2009-05-25,.
2009-05-26,8473.49
2009-05-27,8300.02
2009-05-28,8403.80
2009-05-29,8500.33
2009-06-01,8721.44
2009-06-02,8740.87
2009-06-03,8675.28
2009-06-04,8750.24
2009-06-05,8763.13
2009-06-08,8764.49
2009-06-09,8763.06
2009-06-10,8739.02
2009-06-11,8770.92
2009-06-12,8799.26
2009-06-15,8612.13
2009-06-16,8504.67
2009-06-17,8497.18
2009-06-18,8555.60
2009-06-19,8539.73
2009-06-22,8339.01
2009-06-23,8322.91
2009-06-24,8299.86
2009-06-25,8472.40
2009-06-26,8438.39
2009-06-29,8529.38
2009-06-30,8447.00
2009-07-01,8504.06
2009-07-02,8280.74
2009-07-03,.
2009-07-06,8324.87
2009-07-07,8163.60
2009-07-08,8178.41
2009-07-09,8183.17
2009-07-10,8146.52
2009-07-13,8331.68
2009-07-14,8359.49
2009-07-15,8616.21
2009-07-16,8711.82
2009-07-17,8743.94
2009-07-20,8848.15
2009-07-21,8915.94
2009-07-22,8881.26
2009-07-23,9069.29
2009-07-24,9093.24
2009-07-27,9108.51
2009-07-28,9096.72
2009-07-29,9070.72
2009-07-30,9154.46
2009-07-31,9171.61
2009-08-03,9286.56
2009-08-04,9320.19
2009-08-05,9280.97
2009-08-06,9256.26
2009-08-07,9370.07
2009-08-10,9337.95
2009-08-11,9241.45
2009-08-12,9361.61
2009-08-13,9398.19
2009-08-14,9321.40
2009-08-17,9135.34
2009-08-18,9217.94
2009-08-19,9279.16
2009-08-20,9350.05
2009-08-21,9505.96
2009-08-24,9509.28
2009-08-25,9539.29
2009-08-26,9543.52
2009-08-27,9580.63
2009-08-28,9544.20
2009-08-31,9496.28
2009-09-01,9310.60
2009-09-02,9280.67
2009-09-03,9344.61
2009-09-04,9441.27
2009-09-07,.
2009-09-08,9497.34
2009-09-09,9547.22
2009-09-10,9627.48
2009-09-11,9605.41
2009-09-14,9626.80
2009-09-15,9683.41
2009-09-16,9791.71
2009-09-17,9783.92
2009-09-18,9820.20
2009-09-21,9778.86
2009-09-22,9829.87
2009-09-23,9748.55
2009-09-24,9707.44
2009-09-25,9665.19
2009-09-28,9789.36
2009-09-29,9742.20
2009-09-30,9712.28
2009-10-01,9509.28
2009-10-02,9487.67
2009-10-05,9599.75
2009-10-06,9731.25
2009-10-07,9725.58
2009-10-08,9786.87
2009-10-09,9864.94
2009-10-12,9885.80
2009-10-13,9871.06
2009-10-14,10015.86
2009-10-15,10062.94
2009-10-16,9995.91
2009-10-19,10092.19
2009-10-20,10041.48
2009-10-21,9949.36
2009-10-22,10081.31
2009-10-23,9972.18
2009-10-26,9867.96
2009-10-27,9882.17
2009-10-28,9762.69
2009-10-29,9962.58
2009-10-30,9712.73
2009-11-02,9789.44
2009-11-03,9771.91
2009-11-04,9802.14
2009-11-05,10005.96
2009-11-06,10023.42
2009-11-09,10226.94
2009-11-10,10246.97
2009-11-11,10291.26
2009-11-12,10197.47
2009-11-13,10270.47
2009-11-16,10406.96
2009-11-17,10437.42
2009-11-18,10426.31
2009-11-19,10332.44
2009-11-20,10318.16
2009-11-23,10450.95
2009-11-24,10433.71
2009-11-25,10464.40
2009-11-26,.
2009-11-27,10309.92
2009-11-30,10344.84
2009-12-01,10471.58
2009-12-02,10452.68
2009-12-03,10366.15
2009-12-04,10388.90
2009-12-07,10390.11
2009-12-08,10285.97
2009-12-09,10337.05
2009-12-10,10405.83
2009-12-11,10471.50
2009-12-14,10501.05
2009-12-15,10452.00
2009-12-16,10441.12
2009-12-17,10308.26
2009-12-18,10328.89
2009-12-21,10414.14
2009-12-22,10464.93
2009-12-23,10466.44
2009-12-24,10520.10
2009-12-25,.
2009-12-28,10547.08
2009-12-29,10545.41
2009-12-30,10548.51
2009-12-31,10428.05
2010-01-01,.
2010-01-04,10583.96
2010-01-05,10572.02
2010-01-06,10573.68
2010-01-07,10606.86
2010-01-08,10618.19
2010-01-11,10663.99
2010-01-12,10627.26
2010-01-13,10680.77
2010-01-14,10710.55
2010-01-15,10609.65
2010-01-18,.
2010-01-19,10725.43
2010-01-20,10603.15
2010-01-21,10389.88
2010-01-22,10172.98
2010-01-25,10196.86
2010-01-26,10194.29
2010-01-27,10236.16
2010-01-28,10120.46
2010-01-29,10067.33
2010-02-01,10185.53
2010-02-02,10296.85
2010-02-03,10270.55
2010-02-04,10002.18
2010-02-05,10012.23
2010-02-08,9908.39
2010-02-09,10058.64
2010-02-10,10038.38
2010-02-11,10144.19
2010-02-12,10099.14
2010-02-15,.
2010-02-16,10268.81
2010-02-17,10309.24
2010-02-18,10392.90
2010-02-19,10402.35
2010-02-22,10383.38
2010-02-23,10282.41
2010-02-24,10374.16
2010-02-25,10321.03
2010-02-26,10325.26
2010-03-01,10403.79
2010-03-02,10405.98
2010-03-03,10396.76
2010-03-04,10444.14
2010-03-05,10566.20
2010-03-08,10552.52
2010-03-09,10564.38
2010-03-10,10567.33
2010-03-11,10611.84
2010-03-12,10624.69
2010-03-15,10642.15
2010-03-16,10685.98
2010-03-17,10733.67
2010-03-18,10779.17
2010-03-19,10741.98
2010-03-22,10785.89
2010-03-23,10888.83
2010-03-24,10836.15
2010-03-25,10841.21
2010-03-26,10850.36
2010-03-29,10895.86
2010-03-30,10907.42
2010-03-31,10856.63
2010-04-01,10927.07
2010-04-02,.
2010-04-05,10973.55
2010-04-06,10969.99
2010-04-07,10897.52
2010-04-08,10927.07
2010-04-09,10997.35
2010-04-12,11005.97
2010-04-13,11019.42
2010-04-14,11123.11
2010-04-15,11144.57
2010-04-16,11018.66
2010-04-19,11092.05
2010-04-20,11117.06
2010-04-21,11124.92
2010-04-22,11134.29
2010-04-23,11204.28
2010-04-26,11205.03
2010-04-27,10991.99
2010-04-28,11045.27
2010-04-29,11167.32
2010-04-30,11008.61
2010-05-03,11151.83
2010-05-04,10926.77
2010-05-05,10868.12
2010-05-06,10520.32
2010-05-07,10380.43
2010-05-10,10785.14
2010-05-11,10748.26
2010-05-12,10896.91
2010-05-13,10782.95
2010-05-14,10620.16
2010-05-17,10625.83
2010-05-18,10510.95
2010-05-19,10444.37
2010-05-20,10068.01
2010-05-21,10193.39
2010-05-24,10066.57
2010-05-25,10043.75
2010-05-26,9974.45
2010-05-27,10258.99
2010-05-28,10136.63
2010-05-31,.
2010-06-01,10024.02
2010-06-02,10249.54
2010-06-03,10255.28
2010-06-04,9931.97
2010-06-07,9816.49
2010-06-08,9939.98
2010-06-09,9899.25
2010-06-10,10172.53
2010-06-11,10211.07
2010-06-14,10190.89
2010-06-15,10404.77
2010-06-16,10409.46
2010-06-17,10434.17
2010-06-18,10450.64
2010-06-21,10442.41
2010-06-22,10293.52
2010-06-23,10298.44
2010-06-24,10152.80
2010-06-25,10143.81
2010-06-28,10138.52
2010-06-29,9870.30
2010-06-30,9774.02
2010-07-01,9732.53
2010-07-02,9686.48
2010-07-05,.
2010-07-06,9743.62
2010-07-07,10018.28
2010-07-08,10138.99
2010-07-09,10198.03
2010-07-12,10216.27
2010-07-13,10363.02
2010-07-14,10366.72
2010-07-15,10359.31
2010-07-16,10097.90
2010-07-19,10154.43
2010-07-20,10229.96
2010-07-21,10120.53
2010-07-22,10322.30
2010-07-23,10424.62
2010-07-26,10525.43
2010-07-27,10537.69
2010-07-28,10497.88
2010-07-29,10467.16
2010-07-30,10465.94
2010-08-02,10674.38
2010-08-03,10636.38
2010-08-04,10680.43
2010-08-05,10674.98
2010-08-06,10653.56
2010-08-09,10698.75
2010-08-10,10644.25
2010-08-11,10378.83
2010-08-12,10319.95
2010-08-13,10303.15
2010-08-16,10302.01
2010-08-17,10405.85
2010-08-18,10415.54
2010-08-19,10271.21
2010-08-20,10213.62
2010-08-23,10174.41
2010-08-24,10040.45
2010-08-25,10060.06
2010-08-26,9985.81
2010-08-27,10150.65
2010-08-30,10009.73
2010-08-31,10014.72
2010-09-01,10269.47
2010-09-02,10320.10
2010-09-03,10447.93
2010-09-06,.
2010-09-07,10340.69
2010-09-08,10387.01
2010-09-09,10415.24
2010-09-10,10462.77
2010-09-13,10544.13
2010-09-14,10526.49
2010-09-15,10572.73
2010-09-16,10594.83
2010-09-17,10607.85
2010-09-20,10753.62
2010-09-21,10761.03
2010-09-22,10739.31
2010-09-23,10662.42
2010-09-24,10860.26
2010-09-27,10812.04
2010-09-28,10858.14
2010-09-29,10835.28
2010-09-30,10788.05
2010-10-01,10829.68
2010-10-04,10751.27
2010-10-05,10944.72
2010-10-06,10967.65
2010-10-07,10948.58
2010-10-08,11006.48
2010-10-11,11010.34
2010-10-12,11020.40
2010-10-13,11096.08
2010-10-14,11094.57
2010-10-15,11062.78
2010-10-18,11143.69
2010-10-19,10978.62
2010-10-20,11107.97
2010-10-21,11146.57
2010-10-22,11132.56
2010-10-25,11164.05
2010-10-26,11169.46
2010-10-27,11126.28
2010-10-28,11113.95
2010-10-29,11118.49
2010-11-01,11124.62
2010-11-02,11188.72
2010-11-03,11215.13
2010-11-04,11434.84
2010-11-05,11444.08
2010-11-08,11406.84
2010-11-09,11346.75
2010-11-10,11357.04
2010-11-11,11283.10
2010-11-12,11192.58
2010-11-15,11201.97
2010-11-16,11023.50
2010-11-17,11007.88
2010-11-18,11181.23
2010-11-19,11203.55
2010-11-22,11178.58
2010-11-23,11036.37
2010-11-24,11187.28
2010-11-25,.
2010-11-26,11092.00
2010-11-29,11052.49
2010-11-30,11006.02
2010-12-01,11255.78
2010-12-02,11362.41
2010-12-03,11382.09
2010-12-06,11362.19
2010-12-07,11359.16
2010-12-08,11372.48
2010-12-09,11370.06
2010-12-10,11410.32
2010-12-13,11428.56
2010-12-14,11476.54
2010-12-15,11457.47
2010-12-16,11499.25
2010-12-17,11491.91
2010-12-20,11478.13
2010-12-21,11533.16
2010-12-22,11559.49
2010-12-23,11573.49
2010-12-24,.
2010-12-27,11555.03
2010-12-28,11575.54
2010-12-29,11585.38
2010-12-30,11569.71
2010-12-31,11577.51
2011-01-03,11670.75
2011-01-04,11691.18
2011-01-05,11722.89
2011-01-06,11697.31
2011-01-07,11674.76
2011-01-10,11637.45
2011-01-11,11671.88
2011-01-12,11755.44
2011-01-13,11731.90
2011-01-14,11787.38
2011-01-17,.
2011-01-18,11837.93
2011-01-19,11825.29
2011-01-20,11822.80
2011-01-21,11871.84
2011-01-24,11980.52
2011-01-25,11977.19
2011-01-26,11985.44
2011-01-27,11989.83
2011-01-28,11823.70
2011-01-31,11891.93
2011-02-01,12040.16
2011-02-02,12041.97
2011-02-03,12062.26
2011-02-04,12092.15
2011-02-07,12161.63
2011-02-08,12233.15
2011-02-09,12239.89
2011-02-10,12229.29
2011-02-11,12273.26
2011-02-14,12268.19
2011-02-15,12226.64
2011-02-16,12288.17
2011-02-17,12318.14
2011-02-18,12391.25
2011-02-21,.
2011-02-22,12212.79
2011-02-23,12105.78
2011-02-24,12068.50
2011-02-25,12130.45
2011-02-28,12226.34
2011-03-01,12058.02
2011-03-02,12066.80
2011-03-03,12258.20
2011-03-04,12169.88
2011-03-07,12090.03
2011-03-08,12214.38
2011-03-09,12213.09
2011-03-10,11984.61
2011-03-11,12044.40
2011-03-14,11993.16
2011-03-15,11855.42
2011-03-16,11613.30
2011-03-17,11774.59
2011-03-18,11858.52
2011-03-21,12036.53
2011-03-22,12018.63
2011-03-23,12086.02
2011-03-24,12170.56
2011-03-25,12220.59
2011-03-28,12197.88
2011-03-29,12279.01
2011-03-30,12350.61
2011-03-31,12319.73
2011-04-01,12376.72
2011-04-04,12400.03
2011-04-05,12393.90
2011-04-06,12426.75
2011-04-07,12409.49
2011-04-08,12380.05
2011-04-11,12381.11
2011-04-12,12263.58
2011-04-13,12270.99
2011-04-14,12285.15
2011-04-15,12341.83
2011-04-18,12201.59
2011-04-19,12266.75
2011-04-20,12453.54
2011-04-21,12505.99
2011-04-22,.
2011-04-25,12479.88
2011-04-26,12595.37
2011-04-27,12690.96
2011-04-28,12763.31
2011-04-29,12810.54
2011-05-02,12807.36
2011-05-03,12807.51
2011-05-04,12723.58
2011-05-05,12584.17
2011-05-06,12638.74
2011-05-09,12684.68
2011-05-10,12760.36
2011-05-11,12630.03
2011-05-12,12695.92
2011-05-13,12595.75
2011-05-16,12548.37
2011-05-17,12479.58
2011-05-18,12560.18
2011-05-19,12605.32
2011-05-20,12512.04
2011-05-23,12381.26
2011-05-24,12356.21
2011-05-25,12394.66
2011-05-26,12402.76
2011-05-27,12441.58
2011-05-30,.
2011-05-31,12569.79
2011-06-01,12290.14
2011-06-02,12248.55
2011-06-03,12151.26
2011-06-06,12089.96
2011-06-07,12070.81
2011-06-08,12048.94
2011-06-09,12124.36
2011-06-10,11951.91
2011-06-13,11952.97
2011-06-14,12076.11
2011-06-15,11897.27
2011-06-16,11961.52
2011-06-17,12004.36
2011-06-20,12080.38
2011-06-21,12190.01
2011-06-22,12109.67
2011-06-23,12050.00
2011-06-24,11934.58
2011-06-27,12043.56
2011-06-28,12188.69
2011-06-29,12261.42
2011-06-30,12414.34
2011-07-01,12582.77
2011-07-04,.
2011-07-05,12569.87
2011-07-06,12626.02
2011-07-07,12719.49
2011-07-08,12657.20
2011-07-11,12505.76
2011-07-12,12446.88
2011-07-13,12491.61
2011-07-14,12437.12
2011-07-15,12479.73
2011-07-18,12385.16
2011-07-19,12587.42
2011-07-20,12571.91
2011-07-21,12724.41
2011-07-22,12681.16
2011-07-25,12592.80
2011-07-26,12501.30
2011-07-27,12302.55
2011-07-28,12240.11
2011-07-29,12143.24
2011-08-01,12132.49
2011-08-02,11866.62
2011-08-03,11896.44
2011-08-04,11383.68
2011-08-05,11444.61
2011-08-08,10809.85
2011-08-09,11239.77
2011-08-10,10719.94
2011-08-11,11143.31
2011-08-12,11269.02
2011-08-15,11482.90
2011-08-16,11405.93
2011-08-17,11410.21
2011-08-18,10990.58
2011-08-19,10817.65
2011-08-22,10854.65
2011-08-23,11176.76
2011-08-24,11320.71
2011-08-25,11149.82
2011-08-26,11284.54
2011-08-29,11539.25
2011-08-30,11559.95
2011-08-31,11613.53
2011-09-01,11493.57
2011-09-02,11240.26
2011-09-05,.
2011-09-06,11139.30
2011-09-07,11414.86
2011-09-08,11295.81
2011-09-09,10992.13
2011-09-12,11061.12
2011-09-13,11105.85
2011-09-14,11246.73
2011-09-15,11433.18
2011-09-16,11509.09
2011-09-19,11401.01
2011-09-20,11408.66
2011-09-21,11124.84
2011-09-22,10733.83
2011-09-23,10771.48
2011-09-26,11043.86
2011-09-27,11190.69
2011-09-28,11010.90
2011-09-29,11153.98
2011-09-30,10913.38
2011-10-03,10655.30
2011-10-04,10808.71
2011-10-05,10939.95
2011-10-06,11123.33
2011-10-07,11103.12
2011-10-10,11433.18
2011-10-11,11416.30
2011-10-12,11518.85
2011-10-13,11478.13
2011-10-14,11644.49
2011-10-17,11397.00
2011-10-18,11577.05
2011-10-19,11504.62
2011-10-20,11541.78
2011-10-21,11808.79
2011-10-24,11913.62
2011-10-25,11706.62
2011-10-26,11869.04
2011-10-27,12208.55
2011-10-28,12231.11
2011-10-31,11955.01
2011-11-01,11657.96
2011-11-02,11836.04
2011-11-03,12044.47
2011-11-04,11983.24
2011-11-07,12068.39
2011-11-08,12170.18
2011-11-09,11780.94
2011-11-10,11893.79
2011-11-11,12153.68
2011-11-14,12078.98
2011-11-15,12096.16
2011-11-16,11905.59
2011-11-17,11770.73
2011-11-18,11796.16
2011-11-21,11547.31
2011-11-22,11493.72
2011-11-23,11257.55
2011-11-24,.
2011-11-25,11231.78
2011-11-28,11523.01
2011-11-29,11555.63
2011-11-30,12045.68
2011-12-01,12020.03
2011-12-02,12019.42
2011-12-05,12097.83
2011-12-06,12150.13
2011-12-07,12196.37
2011-12-08,11997.70
2011-12-09,12184.26
2011-12-12,12021.39
2011-12-13,11954.94
2011-12-14,11823.48
2011-12-15,11868.81
2011-12-16,11866.39
2011-12-19,11766.26
2011-12-20,12103.58
2011-12-21,12107.74
2011-12-22,12169.65
2011-12-23,12294.00
2011-12-26,.
2011-12-27,12291.35
2011-12-28,12151.41
2011-12-29,12287.04
2011-12-30,12217.56
2012-01-02,.
2012-01-03,12397.38
2012-01-04,12418.42
2012-01-05,12415.70
2012-01-06,12359.92
2012-01-09,12392.69
2012-01-10,12462.47
2012-01-11,12449.45
2012-01-12,12471.02
2012-01-13,12422.06
2012-01-16,.
2012-01-17,12482.07
2012-01-18,12578.95
2012-01-19,12623.98
2012-01-20,12720.48
2012-01-23,12708.82
2012-01-24,12675.75
2012-01-25,12756.96
2012-01-26,12734.63
2012-01-27,12660.46
2012-01-30,12653.72
2012-01-31,12632.91
2012-02-01,12716.46
2012-02-02,12705.41
2012-02-03,12862.23
2012-02-06,12845.13
2012-02-07,12878.20
2012-02-08,12883.95
2012-02-09,12890.46
2012-02-10,12801.23
2012-02-13,12874.04
2012-02-14,12878.28
2012-02-15,12780.95
2012-02-16,12904.08
2012-02-17,12949.87
2012-02-20,.
2012-02-21,12965.69
2012-02-22,12938.67
2012-02-23,12984.69
2012-02-24,12982.95
2012-02-27,12981.51
2012-02-28,13005.12
2012-02-29,12952.07
2012-03-01,12980.30
2012-03-02,12977.57
2012-03-05,12962.81
2012-03-06,12759.15
2012-03-07,12837.33
2012-03-08,12907.94
2012-03-09,12922.02
2012-03-12,12959.71
2012-03-13,13177.68
2012-03-14,13194.10
2012-03-15,13252.76
2012-03-16,13232.62
2012-03-19,13239.13
2012-03-20,13170.19
2012-03-21,13124.62
2012-03-22,13046.14
2012-03-23,13080.73
2012-03-26,13241.63
2012-03-27,13197.73
2012-03-28,13126.21
2012-03-29,13145.82
2012-03-30,13212.04
2012-04-02,13264.49
2012-04-03,13199.55
2012-04-04,13074.75
2012-04-05,13060.14
2012-04-06,.
2012-04-09,12929.59
2012-04-10,12715.93
2012-04-11,12805.39
2012-04-12,12986.58
2012-04-13,12849.59
2012-04-16,12921.41
2012-04-17,13115.54
2012-04-18,13032.75
2012-04-19,12964.10
2012-04-20,13029.26
2012-04-23,12927.17
2012-04-24,13001.56
2012-04-25,13090.72
2012-04-26,13204.62
2012-04-27,13228.31
2012-04-30,13213.63
2012-05-01,13279.32
2012-05-02,13268.57
2012-05-03,13206.59
2012-05-04,13038.27
2012-05-07,13008.53
2012-05-08,12932.09
2012-05-09,12835.06
2012-05-10,12855.04
2012-05-11,12820.60
2012-05-14,12695.35
2012-05-15,12632.00
2012-05-16,12598.55
2012-05-17,12442.49
2012-05-18,12369.38
2012-05-21,12504.48
2012-05-22,12502.81
2012-05-23,12496.15
2012-05-24,12529.75
2012-05-25,12454.83
2012-05-28,.
2012-05-29,12580.69
2012-05-30,12419.86
2012-05-31,12393.45
2012-06-01,12118.57
2012-06-04,12101.46
2012-06-05,12127.95
2012-06-06,12414.79
2012-06-07,12460.96
2012-06-08,12554.20
2012-06-11,12411.23
2012-06-12,12573.80
2012-06-13,12496.38
2012-06-14,12651.91
2012-06-15,12767.17
2012-06-18,12741.82
2012-06-19,12837.33
2012-06-20,12824.39
2012-06-21,12573.57
2012-06-22,12640.78
2012-06-25,12502.66
2012-06-26,12534.67
2012-06-27,12627.01
2012-06-28,12602.26
2012-06-29,12880.09
2012-07-02,12871.39
2012-07-03,12943.82
2012-07-04,.
2012-07-05,12896.67
2012-07-06,12772.47
2012-07-09,12736.29
2012-07-10,12653.12
2012-07-11,12604.53
2012-07-12,12573.27
2012-07-13,12777.09
2012-07-16,12727.21
2012-07-17,12805.54
2012-07-18,12908.70
2012-07-19,12943.36
2012-07-20,12822.57
2012-07-23,12721.46
2012-07-24,12617.32
2012-07-25,12676.05
2012-07-26,12887.93
2012-07-27,13075.66
2012-07-30,13073.01
2012-07-31,13008.68
2012-08-01,12971.06
2012-08-02,12878.88
2012-08-03,13096.17
2012-08-06,13117.51
2012-08-07,13168.60
2012-08-08,13175.64
2012-08-09,13165.19
2012-08-10,13207.95
2012-08-13,13169.43
2012-08-14,13172.14
2012-08-15,13164.78
2012-08-16,13250.11
2012-08-17,13275.20
2012-08-20,13271.64
2012-08-21,13203.58
2012-08-22,13172.76
2012-08-23,13057.46
2012-08-24,13157.97
2012-08-27,13124.67
2012-08-28,13102.99
2012-08-29,13107.48
2012-08-30,13000.71
2012-08-31,13090.84
2012-09-03,.
2012-09-04,13035.94
2012-09-05,13047.48
2012-09-06,13292.00
2012-09-07,13306.64
2012-09-10,13254.29
2012-09-11,13323.36
2012-09-12,13333.35
2012-09-13,13539.86
2012-09-14,13593.37
2012-09-17,13553.10
2012-09-18,13564.64
2012-09-19,13577.96
2012-09-20,13596.93
2012-09-21,13579.47
2012-09-24,13558.92
2012-09-25,13457.55
2012-09-26,13413.51
2012-09-27,13485.97
2012-09-28,13437.13
2012-10-01,13515.11
2012-10-02,13482.36
2012-10-03,13494.61
2012-10-04,13575.36
2012-10-05,13610.15
2012-10-08,13583.65
2012-10-09,13473.53
2012-10-10,13344.97
2012-10-11,13326.39
2012-10-12,13328.85
2012-10-15,13424.23
2012-10-16,13551.78
2012-10-17,13557.00
2012-10-18,13548.94
2012-10-19,13343.51
2012-10-22,13345.89
2012-10-23,13102.53
2012-10-24,13077.34
2012-10-25,13103.68
2012-10-26,13107.21
2012-10-29,.
2012-10-30,.
2012-10-31,13096.46
2012-11-01,13232.62
2012-11-02,13093.16
2012-11-05,13112.44
2012-11-06,13245.68
2012-11-07,12932.73
2012-11-08,12811.32
2012-11-09,12815.39
2012-11-12,12815.08
2012-11-13,12756.18
2012-11-14,12570.95
2012-11-15,12542.38
2012-11-16,12588.31
2012-11-19,12795.96
2012-11-20,12788.51
2012-11-21,12836.89
2012-11-22,.
2012-11-23,13009.68
2012-11-26,12967.37
2012-11-27,12878.13
2012-11-28,12985.11
2012-11-29,13021.82
2012-11-30,13025.58
2012-12-03,12965.60
2012-12-04,12951.78
2012-12-05,13034.49
2012-12-06,13074.04
2012-12-07,13155.13
2012-12-10,13169.88
2012-12-11,13248.44
2012-12-12,13245.45
2012-12-13,13170.72
2012-12-14,13135.01
2012-12-17,13235.39
2012-12-18,13350.96
2012-12-19,13251.97
2012-12-20,13311.72
2012-12-21,13190.84
2012-12-24,13139.08
2012-12-25,.
2012-12-26,13114.59
2012-12-27,13096.31
2012-12-28,12938.11
2012-12-31,13104.14
2013-01-01,.
2013-01-02,13412.55
2013-01-03,13391.36
2013-01-04,13435.21
2013-01-07,13384.29
2013-01-08,13328.85
2013-01-09,13390.51
2013-01-10,13471.22
2013-01-11,13488.43
2013-01-14,13507.32
2013-01-15,13534.89
2013-01-16,13511.23
2013-01-17,13596.02
2013-01-18,13649.70
2013-01-21,.
2013-01-22,13712.21
2013-01-23,13779.33
2013-01-24,13825.33
2013-01-25,13895.98
2013-01-28,13881.93
2013-01-29,13954.42
2013-01-30,13910.42
2013-01-31,13860.58
2013-02-01,14009.79
2013-02-04,13880.08
2013-02-05,13979.30
2013-02-06,13986.52
2013-02-07,13944.05
2013-02-08,13992.97
2013-02-11,13971.24
2013-02-12,14018.70
2013-02-13,13982.91
2013-02-14,13973.39
2013-02-15,13981.76
2013-02-18,.
2013-02-19,14035.67
2013-02-20,13927.54
2013-02-21,13880.62
2013-02-22,14000.57
2013-02-25,13784.17
2013-02-26,13900.13
2013-02-27,14075.37
2013-02-28,14054.49
2013-03-01,14089.66
2013-03-04,14127.82
2013-03-05,14253.77
2013-03-06,14296.24
2013-03-07,14329.49
2013-03-08,14397.07
2013-03-11,14447.29
2013-03-12,14450.06
2013-03-13,14455.28
2013-03-14,14539.14
2013-03-15,14514.11
2013-03-18,14452.06
2013-03-19,14455.82
2013-03-20,14511.73
2013-03-21,14421.49
2013-03-22,14512.03
2013-03-25,14447.75
2013-03-26,14559.65
2013-03-27,14526.16
2013-03-28,14578.54
2013-03-29,.
2013-04-01,14572.85
2013-04-02,14662.01
2013-04-03,14550.35
2013-04-04,14606.11
2013-04-05,14565.25
2013-04-08,14613.48
2013-04-09,14673.46
2013-04-10,14802.24
2013-04-11,14865.14
2013-04-12,14865.06
2013-04-15,14599.20
2013-04-16,14756.78
2013-04-17,14618.59
2013-04-18,14537.14
2013-04-19,14547.51
2013-04-22,14567.17
2013-04-23,14719.46
2013-04-24,14676.30
2013-04-25,14700.80
2013-04-26,14712.55
2013-04-29,14818.75
2013-04-30,14839.80
2013-05-01,14700.95
2013-05-02,14831.58
2013-05-03,14973.96
2013-05-06,14968.89
2013-05-07,15056.20
2013-05-08,15105.12
2013-05-09,15082.62
2013-05-10,15118.49
2013-05-13,15091.68
2013-05-14,15215.25
2013-05-15,15275.69
2013-05-16,15233.22
2013-05-17,15354.40
2013-05-20,15335.28
2013-05-21,15387.58
2013-05-22,15307.17
2013-05-23,15294.50
2013-05-24,15303.10
2013-05-27,.
2013-05-28,15409.39
2013-05-29,15302.80
2013-05-30,15324.53
2013-05-31,15115.57
2013-06-03,15254.03
2013-06-04,15177.54
2013-06-05,14960.59
2013-06-06,15040.62
2013-06-07,15248.12
2013-06-10,15238.59
2013-06-11,15122.02
2013-06-12,14995.23
2013-06-13,15176.08
2013-06-14,15070.18
2013-06-17,15179.85
2013-06-18,15318.23
2013-06-19,15112.19
2013-06-20,14758.32
2013-06-21,14799.40
2013-06-24,14659.56
2013-06-25,14760.31
2013-06-26,14910.14
2013-06-27,15024.49
2013-06-28,14909.60
2013-07-01,14974.96
2013-07-02,14932.41
2013-07-03,14988.55
2013-07-04,.
2013-07-05,15135.84
2013-07-08,15224.69
2013-07-09,15300.34
2013-07-10,15291.66
2013-07-11,15460.92
2013-07-12,15464.30
2013-07-15,15484.26
2013-07-16,15451.85
2013-07-17,15470.52
2013-07-18,15548.54
2013-07-19,15543.74
2013-07-22,15545.55
2013-07-23,15567.74
2013-07-24,15542.24
2013-07-25,15555.61
2013-07-26,15558.83
2013-07-29,15521.97
2013-07-30,15520.59
2013-07-31,15499.54
2013-08-01,15628.02
2013-08-02,15658.36
2013-08-05,15612.13
2013-08-06,15518.74
2013-08-07,15470.67
2013-08-08,15498.32
2013-08-09,15425.51
2013-08-12,15419.68
2013-08-13,15451.01
2013-08-14,15337.66
2013-08-15,15112.19
2013-08-16,15081.47
2013-08-19,15010.74
2013-08-20,15002.99
2013-08-21,14897.55
2013-08-22,14963.74
2013-08-23,15010.51
2013-08-26,14946.46
2013-08-27,14776.13
2013-08-28,14824.51
2013-08-29,14840.95
2013-08-30,14810.31
2013-09-02,.
2013-09-03,14833.96
2013-09-04,14930.87
2013-09-05,14937.48
2013-09-06,14922.50
2013-09-09,15063.12
2013-09-10,15191.06
2013-09-11,15326.60
2013-09-12,15300.64
2013-09-13,15376.06
2013-09-16,15494.78
2013-09-17,15529.73
2013-09-18,15676.94
2013-09-19,15636.55
2013-09-20,15451.09
2013-09-23,15401.38
2013-09-24,15334.59
2013-09-25,15273.26
2013-09-26,15328.30
2013-09-27,15258.24
2013-09-30,15129.67
2013-10-01,15191.70
2013-10-02,15133.14
2013-10-03,14996.48
2013-10-04,15072.58
2013-10-07,14936.24
2013-10-08,14776.53
2013-10-09,14802.98
2013-10-10,15126.07
2013-10-11,15237.11
2013-10-14,15301.26
2013-10-15,15168.01
2013-10-16,15373.83
2013-10-17,15371.65
2013-10-18,15399.65
2013-10-21,15392.20
2013-10-22,15467.66
2013-10-23,15413.33
2013-10-24,15509.21
2013-10-25,15570.28
2013-10-28,15568.93
2013-10-29,15680.35
2013-10-30,15618.76
2013-10-31,15545.75
2013-11-01,15615.55
2013-11-04,15639.12
2013-11-05,15618.22
2013-11-06,15746.88
2013-11-07,15593.98
2013-11-08,15761.78
2013-11-11,15783.10
2013-11-12,15750.67
2013-11-13,15821.63
2013-11-14,15876.22
2013-11-15,15961.70
2013-11-18,15976.02
2013-11-19,15967.03
2013-11-20,15900.82
2013-11-21,16009.99
2013-11-22,16064.77
2013-11-25,16072.54
2013-11-26,16072.80
2013-11-27,16097.33
2013-11-28,.
2013-11-29,16086.41
2013-12-02,16008.77
2013-12-03,15914.62
2013-12-04,15889.77
2013-12-05,15821.51
2013-12-06,16020.20
2013-12-09,16025.53
2013-12-10,15973.13
2013-12-11,15843.53
2013-12-12,15739.43
2013-12-13,15755.36
2013-12-16,15884.57
2013-12-17,15875.26
2013-12-18,16167.97
2013-12-19,16179.08
2013-12-20,16221.14
2013-12-23,16294.61
2013-12-24,16357.55
2013-12-25,.
2013-12-26,16479.88
2013-12-27,16478.41
2013-12-30,16504.29
2013-12-31,16576.66
2014-01-01,.
2014-01-02,16441.35
2014-01-03,16469.99
2014-01-06,16425.10
2014-01-07,16530.94
2014-01-08,16462.74
2014-01-09,16444.76
2014-01-10,16437.05
2014-01-13,16257.94
2014-01-14,16373.86
2014-01-15,16481.94
2014-01-16,16417.01
2014-01-17,16458.56
2014-01-20,.
2014-01-21,16414.44
2014-01-22,16373.34
2014-01-23,16197.35
2014-01-24,15879.11
2014-01-27,15837.88
2014-01-28,15928.56
2014-01-29,15738.79
2014-01-30,15848.61
2014-01-31,15698.85
2014-02-03,15372.80
2014-02-04,15445.24
2014-02-05,15440.23
2014-02-06,15628.53
2014-02-07,15794.08
2014-02-10,15801.79
2014-02-11,15994.77
2014-02-12,15963.94
2014-02-13,16027.59
2014-02-14,16154.39
2014-02-17,.
2014-02-18,16130.40
2014-02-19,16040.56
2014-02-20,16133.23
2014-02-21,16103.30
2014-02-24,16207.14
2014-02-25,16179.66
2014-02-26,16198.41
2014-02-27,16272.65
2014-02-28,16321.71
2014-03-03,16168.03
2014-03-04,16395.88
2014-03-05,16360.18
2014-03-06,16421.89
2014-03-07,16452.72
2014-03-10,16418.68
2014-03-11,16351.25
2014-03-12,16340.08
2014-03-13,16108.89
2014-03-14,16065.67
2014-03-17,16247.22
2014-03-18,16336.19
2014-03-19,16222.17
2014-03-20,16331.05
2014-03-21,16302.77
2014-03-24,16276.69
2014-03-25,16367.88
2014-03-26,16268.99
2014-03-27,16264.23
2014-03-28,16323.06
2014-03-31,16457.66
2014-04-01,16532.61
2014-04-02,16573.00
2014-04-03,16572.55
2014-04-04,16412.71
2014-04-07,16245.87
2014-04-08,16256.14
2014-04-09,16437.18
2014-04-10,16170.22
2014-04-11,16026.75
2014-04-14,16173.24
2014-04-15,16262.56
2014-04-16,16424.85
2014-04-17,16408.54
2014-04-18,.
2014-04-21,16449.25
2014-04-22,16514.37
2014-04-23,16501.65
2014-04-24,16501.65
2014-04-25,16361.46
2014-04-28,16448.74
2014-04-29,16535.37
2014-04-30,16580.84
2014-05-01,16558.87
2014-05-02,16512.89
2014-05-05,16530.55
2014-05-06,16401.02
2014-05-07,16518.54
2014-05-08,16550.97
2014-05-09,16583.34
2014-05-12,16695.47
2014-05-13,16715.44
2014-05-14,16613.97
2014-05-15,16446.81
2014-05-16,16491.31
2014-05-19,16511.86
2014-05-20,16374.31
2014-05-21,16533.06
2014-05-22,16543.08
2014-05-23,16606.27
2014-05-26,.
2014-05-27,16675.50
2014-05-28,16633.18
2014-05-29,16698.74
2014-05-30,16717.17
2014-06-02,16743.63
2014-06-03,16722.34
2014-06-04,16737.53
2014-06-05,16836.11
2014-06-06,16924.28
2014-06-09,16943.10
2014-06-10,16945.92
2014-06-11,16843.88
2014-06-12,16734.19
2014-06-13,16775.74
2014-06-16,16781.01
2014-06-17,16808.49
2014-06-18,16906.62
2014-06-19,16921.46
2014-06-20,16947.08
2014-06-23,16937.26
2014-06-24,16818.13
2014-06-25,16867.51
2014-06-26,16846.13
2014-06-27,16851.84
2014-06-30,16826.60
2014-07-01,16956.07
2014-07-02,16976.24
2014-07-03,17068.26
2014-07-04,.
2014-07-07,17024.21
2014-07-08,16906.62
2014-07-09,16985.61
2014-07-10,16915.07
2014-07-11,16943.81
2014-07-14,17055.42
2014-07-15,17060.68
2014-07-16,17138.20
2014-07-17,16976.81
2014-07-18,17100.18
2014-07-21,17051.73
2014-07-22,17113.54
2014-07-23,17086.63
2014-07-24,17083.80
2014-07-25,16960.57
2014-07-28,16982.59
2014-07-29,16912.11
2014-07-30,16880.36
2014-07-31,16563.30
2014-08-01,16493.37
2014-08-04,16569.28
2014-08-05,16429.47
2014-08-06,16443.34
2014-08-07,16368.27
2014-08-08,16553.93
2014-08-11,16569.98
2014-08-12,16560.54
2014-08-13,16651.80
2014-08-14,16713.58
2014-08-15,16662.91
2014-08-18,16838.74
2014-08-19,16919.59
2014-08-20,16979.13
2014-08-21,17039.49
2014-08-22,17001.22
2014-08-25,17076.87
2014-08-26,17106.70
2014-08-27,17122.01
2014-08-28,17079.57
2014-08-29,17098.45
2014-09-01,.
2014-09-02,17067.56
2014-09-03,17078.28
2014-09-04,17069.58
2014-09-05,17137.36
2014-09-08,17111.42
2014-09-09,17013.87
2014-09-10,17068.71
2014-09-11,17049.00
2014-09-12,16987.51
2014-09-15,17031.14
2014-09-16,17131.97
2014-09-17,17156.85
2014-09-18,17265.99
2014-09-19,17279.74
2014-09-22,17172.68
2014-09-23,17055.87
2014-09-24,17210.06
2014-09-25,16945.80
2014-09-26,17113.15
2014-09-29,17071.22
2014-09-30,17042.90
2014-10-01,16804.71
2014-10-02,16801.05
2014-10-03,17009.69
2014-10-06,16991.91
2014-10-07,16719.39
2014-10-08,16994.22
2014-10-09,16659.25
2014-10-10,16544.10
2014-10-13,16321.07
2014-10-14,16315.19
2014-10-15,16141.74
2014-10-16,16117.24
2014-10-17,16380.41
2014-10-20,16399.67
2014-10-21,16614.81
2014-10-22,16461.32
2014-10-23,16677.90
2014-10-24,16805.41
2014-10-27,16817.94
2014-10-28,17005.75
2014-10-29,16974.31
2014-10-30,17195.42
2014-10-31,17390.52
2014-11-03,17366.24
2014-11-04,17383.84
2014-11-05,17484.53
2014-11-06,17554.47
2014-11-07,17573.93
2014-11-10,17613.74
2014-11-11,17614.90
2014-11-12,17612.20
2014-11-13,17652.79
2014-11-14,17634.74
2014-11-17,17647.75
2014-11-18,17687.82
2014-11-19,17685.73
2014-11-20,17719.00
2014-11-21,17810.06
2014-11-24,17817.90
2014-11-25,17814.94
2014-11-26,17827.75
2014-11-27,.
2014-11-28,17828.24
2014-12-01,17776.80
2014-12-02,17879.55
2014-12-03,17912.62
2014-12-04,17900.10
2014-12-05,17958.79
2014-12-08,17852.48
2014-12-09,17801.20
2014-12-10,17533.15
2014-12-11,17596.34
2014-12-12,17280.83
2014-12-15,17180.84
2014-12-16,17068.87
2014-12-17,17356.87
2014-12-18,17778.15
2014-12-19,17804.80
2014-12-22,17959.44
2014-12-23,18024.17
2014-12-24,18030.21
2014-12-25,.
2014-12-26,18053.71
2014-12-29,18038.23
2014-12-30,17983.07
2014-12-31,17823.07
2015-01-01,.
2015-01-02,17832.99
2015-01-05,17501.65
2015-01-06,17371.64
2015-01-07,17584.52
2015-01-08,17907.87
2015-01-09,17737.37
2015-01-12,17640.84
2015-01-13,17613.68
2015-01-14,17427.09
2015-01-15,17320.71
2015-01-16,17511.57
2015-01-19,.
2015-01-20,17515.23
2015-01-21,17554.28
2015-01-22,17813.98
2015-01-23,17672.60
2015-01-26,17678.70
2015-01-27,17387.21
2015-01-28,17191.37
2015-01-29,17416.85
2015-01-30,17164.95
2015-02-02,17361.04
2015-02-03,17666.40
2015-02-04,17673.02
2015-02-05,17884.88
2015-02-06,17824.29
2015-02-09,17729.21
2015-02-10,17868.76
2015-02-11,17862.14
2015-02-12,17972.38
2015-02-13,18019.35
2015-02-16,.
2015-02-17,18047.58
2015-02-18,18029.85
2015-02-19,17985.77
2015-02-20,18140.44
2015-02-23,18116.84
2015-02-24,18209.19
2015-02-25,18224.57
2015-02-26,18214.42
2015-02-27,18132.70
2015-03-02,18288.63
2015-03-03,18203.37
2015-03-04,18096.90
2015-03-05,18135.72
2015-03-06,17856.78
2015-03-09,17995.72
2015-03-10,17662.94
2015-03-11,17635.39
2015-03-12,17895.22
2015-03-13,17749.31
2015-03-16,17977.42
2015-03-17,17849.08
2015-03-18,18076.19
2015-03-19,17959.03
2015-03-20,18127.65
2015-03-23,18116.04
2015-03-24,18011.14
2015-03-25,17718.54
2015-03-26,17678.23
2015-03-27,17712.66
2015-03-30,17976.31
2015-03-31,17776.12
2015-04-01,17698.18
2015-04-02,17763.24
2015-04-03,.
2015-04-06,17880.85
2015-04-07,17875.42
2015-04-08,17902.51
2015-04-09,17958.73
2015-04-10,18057.65
2015-04-13,17977.04
2015-04-14,18036.70
2015-04-15,18112.61
2015-04-16,18105.77
2015-04-17,17826.30
2015-04-20,18034.93
2015-04-21,17949.59
2015-04-22,18038.27
2015-04-23,18058.69
2015-04-24,18080.14
2015-04-27,18037.97
2015-04-28,18110.14
2015-04-29,18035.53
2015-04-30,17840.52
2015-05-01,18024.06
2015-05-04,18070.40
2015-05-05,17928.20
2015-05-06,17841.98
2015-05-07,17924.06
2015-05-08,18191.11
2015-05-11,18105.17
2015-05-12,18068.23
2015-05-13,18060.49
2015-05-14,18252.24
2015-05-15,18272.56
2015-05-18,18298.88
2015-05-19,18312.39
2015-05-20,18285.40
2015-05-21,18285.74
2015-05-22,18232.02
2015-05-25,.
2015-05-26,18041.54
2015-05-27,18162.99
2015-05-28,18126.12
2015-05-29,18010.68
2015-06-01,18040.37
2015-06-02,18011.94
2015-06-03,18076.27
2015-06-04,17905.58
2015-06-05,17849.46
2015-06-08,17766.55
2015-06-09,17764.04
2015-06-10,18000.40
2015-06-11,18039.37
2015-06-12,17898.84
2015-06-15,17791.17
2015-06-16,17904.48
2015-06-17,17935.74
2015-06-18,18115.84
2015-06-19,18015.95
2015-06-22,18119.78
2015-06-23,18144.07
2015-06-24,17966.07
2015-06-25,17890.36
2015-06-26,17946.68
2015-06-29,17596.35
2015-06-30,17619.51
2015-07-01,17757.91
2015-07-02,17730.11
2015-07-03,.
2015-07-06,17683.58
2015-07-07,17776.91
2015-07-08,17515.42
2015-07-09,17548.62
2015-07-10,17760.41
2015-07-13,17977.68
2015-07-14,18053.58
2015-07-15,18050.17
2015-07-16,18120.25
2015-07-17,18086.45
2015-07-20,18100.41
2015-07-21,17919.29
2015-07-22,17851.04
2015-07-23,17731.92
2015-07-24,17568.53
2015-07-27,17440.59
2015-07-28,17630.27
2015-07-29,17751.39
2015-07-30,17745.98
2015-07-31,17689.86
2015-08-03,17598.20
2015-08-04,17550.69
2015-08-05,17540.47
2015-08-06,17419.75
2015-08-07,17373.38
2015-08-10,17615.17
2015-08-11,17402.84
2015-08-12,17402.51
2015-08-13,17408.25
2015-08-14,17477.40
2015-08-17,17545.18
2015-08-18,17511.34
2015-08-19,17348.73
2015-08-20,16990.69
2015-08-21,16459.75
2015-08-24,15871.35
2015-08-25,15666.44
2015-08-26,16285.51
2015-08-27,16654.77
2015-08-28,16643.01
2015-08-31,16528.03
2015-09-01,16058.35
2015-09-02,16351.38
2015-09-03,16374.76
2015-09-04,16102.38
2015-09-07,.
2015-09-08,16492.68
2015-09-09,16253.57
2015-09-10,16330.40
2015-09-11,16433.09
2015-09-14,16370.96
2015-09-15,16599.85
2015-09-16,16739.95
2015-09-17,16674.74
2015-09-18,16384.58
2015-09-21,16510.19
2015-09-22,16330.47
2015-09-23,16279.89
2015-09-24,16201.32
2015-09-25,16314.67
2015-09-28,16001.89
2015-09-29,16049.13
2015-09-30,16284.70
2015-10-01,16272.01
2015-10-02,16472.37
2015-10-05,16776.43
2015-10-06,16790.19
2015-10-07,16912.29
2015-10-08,17050.75
2015-10-09,17084.49
2015-10-12,17131.86
2015-10-13,17081.89
2015-10-14,16924.75
2015-10-15,17141.75
2015-10-16,17215.97
2015-10-19,17230.54
2015-10-20,17217.11
2015-10-21,17168.61
2015-10-22,17489.16
2015-10-23,17646.70
2015-10-26,17623.05
2015-10-27,17581.43
2015-10-28,17779.52
2015-10-29,17755.80
2015-10-30,17663.54
2015-11-02,17828.76
2015-11-03,17918.15
2015-11-04,17867.58
2015-11-05,17863.43
2015-11-06,17910.33
2015-11-09,17730.48
2015-11-10,17758.21
2015-11-11,17702.22
2015-11-12,17448.07
2015-11-13,17245.24
2015-11-16,17483.01
2015-11-17,17489.50
2015-11-18,17737.16
2015-11-19,17732.75
2015-11-20,17823.81
2015-11-23,17792.68
2015-11-24,17812.19
2015-11-25,17813.39
2015-11-26,.
2015-11-27,17798.49
2015-11-30,17719.92
2015-12-01,17888.35
2015-12-02,17729.68
2015-12-03,17477.67
2015-12-04,17847.63
2015-12-07,17730.51
2015-12-08,17568.00
2015-12-09,17492.30
2015-12-10,17574.75
2015-12-11,17265.21
2015-12-14,17368.50
2015-12-15,17524.91
2015-12-16,17749.09
2015-12-17,17495.84
2015-12-18,17128.55
2015-12-21,17251.62
2015-12-22,17417.27
2015-12-23,17602.61
2015-12-24,17552.17
2015-12-25,.
2015-12-28,17528.27
2015-12-29,17720.98
2015-12-30,17603.87
2015-12-31,17425.03
2016-01-01,.
2016-01-04,17148.94
2016-01-05,17158.66
2016-01-06,16906.51
2016-01-07,16514.10
2016-01-08,16346.45
2016-01-11,16398.57
2016-01-12,16516.22
2016-01-13,16151.41
2016-01-14,16379.05
2016-01-15,15988.08
2016-01-18,.
2016-01-19,16016.02
2016-01-20,15766.74
2016-01-21,15882.68
2016-01-22,16093.51
2016-01-25,15885.22
2016-01-26,16167.23
2016-01-27,15944.46
2016-01-28,16069.64
2016-01-29,16466.30
2016-02-01,16449.18
2016-02-02,16153.54
2016-02-03,16336.66
2016-02-04,16416.58
2016-02-05,16204.97
2016-02-08,16027.05
2016-02-09,16014.38
2016-02-10,15914.74
2016-02-11,15660.18
2016-02-12,15973.84
2016-02-15,.
2016-02-16,16196.41
2016-02-17,16453.83
2016-02-18,16413.43
2016-02-19,16391.99
2016-02-22,16620.66
2016-02-23,16431.78
2016-02-24,16484.99
2016-02-25,16697.29
2016-02-26,16639.97
2016-02-29,16516.50
2016-03-01,16865.08
2016-03-02,16899.32
2016-03-03,16943.90
2016-03-04,17006.77
2016-03-07,17073.95
2016-03-08,16964.10
2016-03-09,17000.36
2016-03-10,16995.13
2016-03-11,17213.31
2016-03-14,17229.13
2016-03-15,17251.53
2016-03-16,17325.76
2016-03-17,17481.49
2016-03-18,17602.30
2016-03-21,17623.87
2016-03-22,17582.57
2016-03-23,17502.59
2016-03-24,17515.73
2016-03-25,.
2016-03-28,17535.39
2016-03-29,17633.11
2016-03-30,17716.66
2016-03-31,17685.09
2016-04-01,17792.75
2016-04-04,17737.00
2016-04-05,17603.32
2016-04-06,17716.05
2016-04-07,17541.96
2016-04-08,17576.96
2016-04-11,17556.41
2016-04-12,17721.25
2016-04-13,17908.28
2016-04-14,17926.43
2016-04-15,17897.46
2016-04-18,18004.16
2016-04-19,18053.60
2016-04-20,18096.27
2016-04-21,17982.52
2016-04-22,18003.75
2016-04-25,17977.24
2016-04-26,17990.32
2016-04-27,18041.55
2016-04-28,17830.76
2016-04-29,17773.64
2016-05-02,17891.16
2016-05-03,17750.91
2016-05-04,17651.26
2016-05-05,17660.71
2016-05-06,17740.63
2016-05-09,17705.91
2016-05-10,17928.35
2016-05-11,17711.12
2016-05-12,17720.50
2016-05-13,17535.32
2016-05-16,17710.71
2016-05-17,17529.98
2016-05-18,17526.62
2016-05-19,17435.40
2016-05-20,17500.94
2016-05-23,17492.93
2016-05-24,17706.05
2016-05-25,17851.51
2016-05-26,17828.29
2016-05-27,17873.22
2016-05-30,.
2016-05-31,17787.20
2016-06-01,17789.67
2016-06-02,17838.56
2016-06-03,17807.06
2016-06-06,17920.33
2016-06-07,17938.28
2016-06-08,18005.05
2016-06-09,17985.19
2016-06-10,17865.34
2016-06-13,17732.48
2016-06-14,17674.82
2016-06-15,17640.17
2016-06-16,17733.10
2016-06-17,17675.16
2016-06-20,17804.87
2016-06-21,17829.73
2016-06-22,17780.83
2016-06-23,18011.07
2016-06-24,17400.75
2016-06-27,17140.24
2016-06-28,17409.72
2016-06-29,17694.68
2016-06-30,17929.99
2016-07-01,17949.37
2016-07-04,.
2016-07-05,17840.62
2016-07-06,17918.62
2016-07-07,17895.88
2016-07-08,18146.74
2016-07-11,18226.93
2016-07-12,18347.67
2016-07-13,18372.12
2016-07-14,18506.41
2016-07-15,18516.55
2016-07-18,18533.05
2016-07-19,18559.01
2016-07-20,18595.03
2016-07-21,18517.23
2016-07-22,18570.85
2016-07-25,18493.06
2016-07-26,18473.75
2016-07-27,18472.17
2016-07-28,18456.35
2016-07-29,18432.24
2016-08-01,18404.51
2016-08-02,18313.77
2016-08-03,18355.00
2016-08-04,18352.05
2016-08-05,18543.53
2016-08-08,18529.29
2016-08-09,18533.05
2016-08-10,18495.66
2016-08-11,18613.52
2016-08-12,18576.47
2016-08-15,18636.05
2016-08-16,18552.02
2016-08-17,18573.94
2016-08-18,18597.70
2016-08-19,18552.57
2016-08-22,18529.42
2016-08-23,18547.30
2016-08-24,18481.48
2016-08-25,18448.41
2016-08-26,18395.40
2016-08-29,18502.99
2016-08-30,18454.30
2016-08-31,18400.88
2016-09-01,18419.30
2016-09-02,18491.96
2016-09-05,.
2016-09-06,18538.12
2016-09-07,18526.14
2016-09-08,18479.91
2016-09-09,18085.45
2016-09-12,18325.07
2016-09-13,18066.75
2016-09-14,18034.77
2016-09-15,18212.48
2016-09-16,18123.80
2016-09-19,18120.17
2016-09-20,18129.96
2016-09-21,18293.70
2016-09-22,18392.46
2016-09-23,18261.45
2016-09-26,18094.83
2016-09-27,18228.30
2016-09-28,18339.24
2016-09-29,18143.45
2016-09-30,18308.15
2016-10-03,18253.85
2016-10-04,18168.45
2016-10-05,18281.03
2016-10-06,18268.50
2016-10-07,18240.49
2016-10-10,18329.04
2016-10-11,18128.66
2016-10-12,18144.20
2016-10-13,18098.94
2016-10-14,18138.38
2016-10-17,18086.40
2016-10-18,18161.94
2016-10-19,18202.62
2016-10-20,18162.35
2016-10-21,18145.71
2016-10-24,18223.03
2016-10-25,18169.27
2016-10-26,18199.33
2016-10-27,18169.68
2016-10-28,18161.19
2016-10-31,18142.42
2016-11-01,18037.10
2016-11-02,17959.64
2016-11-03,17930.67
2016-11-04,17888.28
2016-11-07,18259.60
2016-11-08,18332.74
2016-11-09,18589.69
2016-11-10,18807.88
2016-11-11,18847.66
2016-11-14,18868.69
2016-11-15,18923.06
2016-11-16,18868.14
2016-11-17,18903.82
2016-11-18,18867.93
2016-11-21,18956.69
2016-11-22,19023.87
2016-11-23,19083.18
2016-11-24,.
2016-11-25,19152.14
2016-11-28,19097.90
2016-11-29,19121.60
2016-11-30,19123.58
2016-12-01,19191.93
2016-12-02,19170.42
2016-12-05,19216.24
2016-12-06,19251.78
2016-12-07,19549.62
2016-12-08,19614.81
2016-12-09,19756.85
2016-12-12,19796.43
2016-12-13,19911.21
2016-12-14,19792.53
2016-12-15,19852.24
2016-12-16,19843.41
2016-12-19,19883.06
2016-12-20,19974.62
2016-12-21,19941.96
2016-12-22,19918.88
2016-12-23,19933.81
2016-12-26,.
2016-12-27,19945.04
2016-12-28,19833.68
2016-12-29,19819.78
2016-12-30,19762.60
2017-01-02,.
2017-01-03,19881.76
2017-01-04,19942.16
2017-01-05,19899.29
2017-01-06,19963.80
2017-01-09,19887.38
2017-01-10,19855.53
2017-01-11,19954.28
2017-01-12,19891.00
2017-01-13,19885.73
2017-01-16,.
2017-01-17,19826.77
2017-01-18,19804.72
2017-01-19,19732.40
2017-01-20,19827.25
2017-01-23,19799.85
2017-01-24,19912.71
2017-01-25,20068.51
2017-01-26,20100.91
2017-01-27,20093.78
2017-01-30,19971.13
2017-01-31,19864.09
2017-02-01,19890.94
2017-02-02,19884.91
2017-02-03,20071.46
2017-02-06,20052.42
2017-02-07,20090.29
2017-02-08,20054.34
2017-02-09,20172.40
2017-02-10,20269.37
2017-02-13,20412.16
2017-02-14,20504.41
2017-02-15,20611.86
2017-02-16,20619.77
2017-02-17,20624.05
2017-02-20,.
2017-02-21,20743.00
2017-02-22,20775.60
2017-02-23,20810.32
2017-02-24,20821.76
2017-02-27,20837.44
2017-02-28,20812.24
2017-03-01,21115.55
2017-03-02,21002.97
2017-03-03,21005.71
2017-03-06,20954.34
2017-03-07,20924.76
2017-03-08,20855.73
2017-03-09,20858.19
2017-03-10,20902.98
2017-03-13,20881.48
2017-03-14,20837.37
2017-03-15,20950.10
2017-03-16,20934.55
2017-03-17,20914.62
2017-03-20,20905.86
2017-03-21,20668.01
2017-03-22,20661.30
2017-03-23,20656.58
2017-03-24,20596.72
2017-03-27,20550.98
2017-03-28,20701.50
2017-03-29,20659.32
2017-03-30,20728.49
2017-03-31,20663.22
2017-04-03,20650.21
2017-04-04,20689.24
2017-04-05,20648.15
2017-04-06,20662.95
2017-04-07,20656.10
2017-04-10,20658.02
2017-04-11,20651.30
2017-04-12,20591.86
2017-04-13,20453.25
2017-04-14,.
2017-04-17,20636.92
2017-04-18,20523.28
2017-04-19,20404.49
2017-04-20,20578.71
2017-04-21,20547.76
2017-04-24,20763.89
2017-04-25,20996.12
2017-04-26,20975.09
2017-04-27,20981.33
2017-04-28,20940.51
2017-05-01,20913.46
2017-05-02,20949.89
2017-05-03,20957.90
2017-05-04,20951.47
2017-05-05,21006.94
2017-05-08,21012.28
2017-05-09,20975.78
2017-05-10,20943.11
2017-05-11,20919.42
2017-05-12,20896.61
2017-05-15,20981.94
2017-05-16,20979.75
2017-05-17,20606.93
2017-05-18,20663.02
2017-05-19,20804.84
2017-05-22,20894.83
2017-05-23,20937.91
2017-05-24,21012.42
2017-05-25,21082.95
2017-05-26,21080.28
2017-05-29,.
2017-05-30,21029.47
2017-05-31,21008.65
2017-06-01,21144.18
2017-06-02,21206.29
2017-06-05,21184.04
2017-06-06,21136.23
2017-06-07,21173.69
2017-06-08,21182.53
2017-06-09,21271.97
2017-06-12,21235.67
2017-06-13,21328.47
2017-06-14,21374.56
2017-06-15,21359.90
2017-06-16,21384.28
2017-06-19,21528.99
2017-06-20,21467.14
2017-06-21,21410.03
2017-06-22,21397.29
2017-06-23,21394.76
2017-06-26,21409.55
2017-06-27,21310.66
2017-06-28,21454.61
2017-06-29,21287.03
2017-06-30,21349.63
2017-07-03,21479.27
2017-07-04,.
2017-07-05,21478.17
2017-07-06,21320.04
2017-07-07,21414.34
2017-07-10,21408.52
2017-07-11,21409.07
2017-07-12,21532.14
2017-07-13,21553.09
2017-07-14,21637.74
2017-07-17,21629.72
2017-07-18,21574.73
2017-07-19,21640.75
2017-07-20,21611.78
2017-07-21,21580.07
2017-07-24,21513.17
2017-07-25,21613.43
2017-07-26,21711.01
2017-07-27,21796.55
2017-07-28,21830.31
2017-07-31,21891.12
2017-08-01,21963.92
2017-08-02,22016.24
2017-08-03,22026.10
2017-08-04,22092.81
2017-08-07,22118.42
2017-08-08,22085.34
2017-08-09,22048.70
2017-08-10,21844.01
2017-08-11,21858.32
2017-08-14,21993.71
2017-08-15,21998.99
2017-08-16,22024.87
2017-08-17,21750.73
2017-08-18,21674.51
2017-08-21,21703.75
2017-08-22,21899.89
2017-08-23,21812.09
2017-08-24,21783.40
2017-08-25,21813.67
2017-08-28,21808.40
2017-08-29,21865.37
2017-08-30,21892.43
2017-08-31,21948.10
2017-09-01,21987.56
2017-09-04,.
2017-09-05,21753.31
2017-09-06,21807.64
2017-09-07,21784.78
2017-09-08,21797.79
2017-09-11,22057.37
2017-09-12,22118.86
2017-09-13,22158.18
2017-09-14,22203.48
2017-09-15,22268.34
2017-09-18,22331.35
2017-09-19,22370.80
2017-09-20,22412.59
2017-09-21,22359.23
2017-09-22,22349.59
2017-09-25,22296.09
2017-09-26,22284.32
2017-09-27,22340.71
2017-09-28,22381.20
2017-09-29,22405.09
2017-10-02,22557.60
2017-10-03,22641.67
2017-10-04,22661.64
2017-10-05,22775.39
2017-10-06,22773.67
2017-10-09,22761.07
2017-10-10,22830.68
2017-10-11,22872.89
2017-10-12,22841.01
2017-10-13,22871.72
2017-10-16,22956.96
2017-10-17,22997.44
2017-10-18,23157.60
2017-10-19,23163.04
2017-10-20,23328.63
2017-10-23,23273.96
2017-10-24,23441.76
2017-10-25,23329.46
2017-10-26,23400.86
2017-10-27,23434.19
2017-10-30,23348.74
2017-10-31,23377.24
2017-11-01,23435.01
2017-11-02,23516.26
2017-11-03,23539.19
2017-11-06,23548.42
2017-11-07,23557.23
2017-11-08,23563.36
2017-11-09,23461.94
2017-11-10,23422.21
2017-11-13,23439.70
2017-11-14,23409.47
2017-11-15,23271.28
2017-11-16,23458.36
2017-11-17,23358.24
2017-11-20,23430.33
2017-11-21,23590.83
2017-11-22,23526.18
2017-11-23,.
2017-11-24,23557.99
2017-11-27,23580.78
2017-11-28,23836.71
2017-11-29,23940.68
2017-11-30,24272.35
2017-12-01,24231.59
2017-12-04,24290.05
2017-12-05,24180.64
2017-12-06,24140.91
2017-12-07,24211.48
2017-12-08,24329.16
2017-12-11,24386.03
2017-12-12,24504.80
2017-12-13,24585.43
2017-12-14,24508.66
2017-12-15,24651.74
2017-12-18,24792.20
2017-12-19,24754.75
2017-12-20,24726.65
2017-12-21,24782.29
2017-12-22,24754.06
2017-12-25,.
2017-12-26,24746.21
2017-12-27,24774.30
2017-12-28,24837.51
2017-12-29,24719.22
2018-01-01,.
2018-01-02,24824.01
2018-01-03,24922.68
2018-01-04,25075.13
2018-01-05,25295.87
2018-01-08,25283.00
2018-01-09,25385.80
2018-01-10,25369.13
2018-01-11,25574.73
2018-01-12,25803.19
2018-01-15,.
2018-01-16,25792.86
2018-01-17,26115.65
2018-01-18,26017.81
2018-01-19,26071.72
2018-01-22,26214.60
2018-01-23,26210.81
2018-01-24,26252.12
2018-01-25,26392.79
2018-01-26,26616.71
2018-01-29,26439.48
2018-01-30,26076.89
2018-01-31,26149.39
2018-02-01,26186.71
2018-02-02,25520.96
2018-02-05,24345.75
2018-02-06,24912.77
